thyroid gland, 100 iterations for background
GDS4114_up
T: -25.064246285305103
randomMean: 0.437828297285415
randomStandardDev: 4.819848937896457
Z: -5.291052668078115
GDS4114_down
T: 6.818298770078169
randomMean: 0.8343264879654355
randomStandardDev: 4.790360485692664
Z: 1.249169514483309

GDS4824_up
T: 89.22731564060386
randomMean: 0.42920623431845384
randomStandardDev: 10.468026152369958
Z: 8.482793997049916
GDS4824_down
T: 10.093582331170378
randomMean: 0.7211254198044419
randomStandardDev: 7.675273603439185
Z: 1.2211234928701782